4 5 3 2
# U
54 120 57
999999891 999999949 106
999810498 999524729 998848056
999069168 1086603 999952913
# V
999999874 31 999999983
36 67 999999923
84 24 999999989
999999857 999999989 999999940
999999921 78 999999938
# DOT_TRIPLES
33 999999970 999999940
38 999999977 84
3648
120 999999885 999999933
118 999999878 115
7604
# SV_TRIPLES
3 126 999999956
7
999999131 2902 981
30 999999870 999999817
999999971
999998702 999998593 999997258
# SEL_TRIPLES
999999897 999999988 37
40
999999979 999999953 87
11 1000000001 81
1000000000
2794 999997305 3709
999999932 999999907 22
16
999999193 999998338 2437
23 999999988 101
118
999999984 538 926
98 999999950 999999995
999999994
6913 999999577 2682
999999966 6 46
999999889
3001 1028 999998534
999999964 999999976 999999974
33
999997769 999999608 2348
139 26 43
111
1093 999999936 645
75 999999896 95
999999899
999995619 7741 999996857
999999954 999999957 2
78
999998031 409 270
# J_SHARES
55 999999933 999999941 999999991 999999915
100 999999977 999999966 999999938 999999963
